0 0 0 42 0 0
0 0 0 0 0 0
0 0 0 0 0 0
0 0 0 0 0 0
0 0 0 0 0 0
4 0 0 0 0 3
6 5 0 0 1 2

0 0 42 0 0 0
0 0 0 0 0 0
0 0 0 0 0 0
0 0 0 0 0 0
0 0 0 0 0 0
3 0 0 0 0 2
6 4 0 5 0 1

0 0 42 0 0 0
0 0 0 0 0 0
0 0 0 0 0 0
0 0 0 0 0 0
0 0 0 0 0 0
3 0 0 0 0 2
6 5 0 4 0 1

0 0 42 0 0 0
0 0 0 0 0 0
0 0 0 0 0 0
0 0 0 0 0 0
0 0 0 0 0 0
3 0 0 0 0 2
6 5 0 0 4 1

0 0 42 0 0 0
0 0 0 0 0 0
0 0 0 0 0 0
0 0 0 0 0 0
0 0 0 0 0 0
4 0 0 0 0 2
6 5 0 3 0 1

0 0 0 42 0 0
0 0 0 0 0 0
0 0 0 0 0 0
0 0 0 0 0 0
0 0 0 0 0 0
4 0 0 0 0 2
6 5 0 0 3 1

0 0 42 0 0 0
0 0 0 0 0 0
0 0 0 0 0 0
0 0 0 0 0 0
0 0 0 0 0 0
5 0 0 0 0 2
6 4 0 0 3 1

0 0 0 42 0 0
0 0 0 0 0 0
0 0 0 0 0 0
0 0 0 0 0 0
0 0 0 0 0 0
5 0 0 0 0 2
6 4 0 0 3 1

42 0 0 0 0 0
0 0 0 0 0 0
0 0 0 0 0 0
0 0 0 0 0 0
0 0 0 0 0 0
0 0 0 0 0 2
6 4 5 0 3 1

0 0 0 42 0 0
0 0 0 0 0 0
0 0 0 0 0 0
0 0 0 0 0 0
0 0 0 0 0 0
5 0 0 0 0 4
6 0 2 0 3 1

42 0 0 0 0 0
0 0 0 0 0 0
0 0 0 0 0 0
0 0 0 0 0 0
0 0 0 0 0 0
0 0 0 0 0 3
6 5 0 2 4 1

0 0 42 0 0 0
0 0 0 0 0 0
0 0 0 0 0 0
0 0 0 0 0 0
0 0 0 0 0 0
0 0 0 0 0 3
6 5 0 2 4 1

0 0 0 0 0 42
0 0 0 0 0 0
0 0 0 0 0 0
0 0 0 0 0 0
0 0 0 0 0 0
5 0 0 0 0 0
6 4 0 2 3 1

0 0 42 0 0 0
0 0 0 0 0 0
0 0 0 0 0 0
0 0 0 0 0 0
0 0 0 0 0 0
3 0 0 0 0 4
6 5 0 0 2 1

0 0 0 42 0 0
0 0 0 0 0 0
0 0 0 0 0 0
0 0 0 0 0 0
0 0 0 0 0 0
3 0 0 0 0 4
6 5 0 0 2 1

0 0 42 0 0 0
0 0 0 0 0 0
0 0 0 0 0 0
0 0 0 0 0 0
0 0 0 0 0 0
4 0 0 0 0 3
5 6 0 0 2 1

0 0 42 0 0 0
0 0 0 0 0 0
0 0 0 0 0 0
0 0 0 0 0 0
0 0 0 0 0 0
4 0 0 0 0 3
6 5 0 0 2 1

0 0 0 42 0 0
0 0 0 0 0 0
0 0 0 0 0 0
0 0 0 0 0 0
0 0 0 0 0 0
4 0 0 0 0 3
6 5 0 0 2 1

0 0 42 0 0 0
0 0 0 0 0 0
0 0 0 0 0 0
0 0 0 0 0 0
0 0 0 0 0 0
5 0 0 0 0 3
6 4 0 0 2 1

0 0 0 42 0 0
0 0 0 0 0 0
0 0 0 0 0 0
0 0 0 0 0 0
0 0 0 0 0 0
5 0 0 0 0 3
6 0 4 0 2 1

42 0 0 0 0 0
0 0 0 0 0 0
0 0 0 0 0 0
0 0 0 0 0 0
0 0 0 0 0 0
0 0 0 0 0 3
6 5 4 0 2 1

0 0 0 42 0 0
0 0 0 0 0 0
0 0 0 0 0 0
0 0 0 0 0 0
0 0 0 0 0 0
4 0 0 0 0 0
6 3 5 0 2 1

0 0 0 0 0 42
0 0 0 0 0 0
0 0 0 0 0 0
0 0 0 0 0 0
0 0 0 0 0 0
4 0 0 0 0 0
6 3 5 0 2 1

0 0 0 42 0 0
0 0 0 0 0 0
0 0 0 0 0 0
0 0 0 0 0 0
0 0 0 0 0 0
5 0 0 0 0 4
6 3 0 0 2 1

0 0 0 42 0 0
0 0 0 0 0 0
0 0 0 0 0 0
0 0 0 0 0 0
0 0 0 0 0 0
5 0 0 0 0 4
6 0 3 0 2 1

0 0 0 0 0 42
0 0 0 0 0 0
0 0 0 0 0 0
0 0 0 0 0 0
0 0 0 0 0 0
4 0 0 0 0 0
6 5 0 3 2 1